#!
-
qe2adwadw
adwadwadw
5
0
[0, 1, 1]
[0, 0, 0]
[4, 1]
-
adwadwadw
adwawdadw
1
4
[0, 0, 0]
[0, 0, 0]
[0, 8]
#!
-
[[1, 2], [2, 1], [3, 1]]
1
1
11
9
1
2
[[11, 9]]
[]
0
False
False
-
[[1, 2], [2, 1], [3, 1]]
2
2
4
4
2
1
[[4, 4], [4, 3]]
[]
0
False
False
-
[[1, 2], [2, 1], [3, 1]]
3
2
6
5
3
1
[[6, 5], [6, 4], [6, 3]]
[[6, 4]]
1
False
False
#!
-
[[1, 2], [2, 1], [3, 1]]
1
1
0
12
1
2
[[0, 12]]
[]
0
False
False
-
[[1, 2], [2, 1], [3, 1]]
2
2
4
13
2
1
[[4, 12], [4, 13]]
[[4, 2], [4, 1]]
2
True
False
-
[[1, 2], [2, 1], [3, 1]]
3
2
4
16
3
1
[[4, 16], [4, 15], [4, 14]]
[[4, 3], [4, 4], [4, 5]]
3
True
False
#!
-
[11, 12]
#!